Average Journy Times
S: 173.56550580431178
A: 99.08076358296623	
D: 90.34962962962963

Average Waiting Times
S: 75.42620232172472
A: 16.4992657856094
D: 9.394074074074075
