Average Journey Time
S: 173.56550580431178
A: 101.90490341753343
D: 90.34962962962963

Average Waiting Times
S: 75.42620232172472
A: 18.61812778603269
D: 9.394074074074075

