Average Journey Time
S: 173.56550580431178
A: 100.46607669616519
D: 90.34962962962963

Average Waiting Time
S: 75.42620232172472
A: 17.992625368731563
D: 9.394074074074075

