Average Vehicle Journey Time
S: 173.56550580431178
A: 99.8731563421829
D: 90.34962962962963

Average Vehcile Waiting Time
S: 75.42620232172472
A: 17.194690265486727
D: 9.394074074074075
